54286922: 2 81 9 42 5 6 458 6 5 6 2
335808: 737 55 53 8
4558: 4 2 894 9 4 1 851 4 4 55
60775312: 7 626 1 5 3 1 710 9 7 9 6
1357: 5 2 9 57 238 762 3 207
7698040119: 7 303 9 601 671
1011357: 398 657 35 1 927
309974: 4 9 1 6 5 5 2 3 372 2 1 96
5015664: 683 984 5 449 571
11364228: 46 26 2 2 9 527
3732: 565 57 6
29273704: 3 489 81 9 7 47 8 75 1 4
143022: 61 38 50 8 6 2 5 9 8 6
28801032: 3 4 4 344 896 82 8
35286: 4 30 42 7 6
8504: 6 36 39 71 9
249329: 3 4 994 5 92 1 227 79 4
6568206: 3 3 2 4 3 2 984 3 9 8 89 6
32418: 37 6 4 49 2 2 2 7 7 7 97 9
1943922: 2 4 8 22 1 5 4 9 997 5 8 2
22254825978: 941 3 8 6 4 5 7 9 77 9 7 6
450540: 23 25 99 4 2 248 90
1107: 2 9 1 98 75 922
466712: 5 164 58 514 4
106890073: 8 9 1 47 94 7 3 7 8 51 8 1
55556: 57 91 907 9 710
252332424: 3 417 927 9 1 549 7 8 9
1501: 26 6 343 940 62
304: 8 19 2
438453132: 4 62 2 5 6 7 646 696 39
619542: 9 5 764 85 9 657
9360128: 1 7 174 4 3 5 8 8 2 6 6 80
23180002: 347 997 67 18 731
422095: 76 30 56 9 71
33969733: 7 69 8 107 813 4 82 2 1
245677: 339 1 5 713 405
729468: 2 453 92 764 414
44240820: 4 7 14 889 51 905 39
708627: 4 1 7 1 9 1 89 8 24 777 3
3358431: 72 52 7 96 873 1
914760: 1 3 492 66 28
241929: 2 690 125 863 144 4 5
4800417: 1 6 72 74 1 821 30
644078: 93 8 8 3 3 9 12 7 1 606
2595413: 4 9 62 5 57 1 7 93 9 7 2
160293312: 9 44 7 9 8 257 7 93 94 4
36913752: 4 7 7 3 4 95 7 5 284 3 3 3
536452: 703 1 62 4 39 6 983 92
79288: 74 62 583
36808: 97 370 1 910 7
3733590: 362 8 71 898 966
493290000: 573 7 7 375 324
232694: 173 3 8 8 8 9 7 40 4 7 4 8
610239350: 1 7 7 94 24 5 670 5 53
242592: 3 42 77 4 511 2 4 4 84 2
3785: 16 1 124 27 1 4
10659: 2 8 6 1 4 9 365 9 1 3 57 5
1110: 5 6 6 6 8 1 9 54 3 1 857 3
20416: 4 46 28 4 2 854 1 8 6 7 3
7750: 2 8 8 4 82 44 9 2 8 4 795
18610177: 35 6 672 407 8 547 83
18409188: 572 5 15 709 1 3
816920: 3 882 84 3 15 7 6 49 8
520636325: 95 305 28 5 4 981 62 5
960: 5 192 1
852135: 4 5 81 37 76 33 3
962310: 7 97 7 9 6 8 996 3 1 1 4 6
4399417: 756 7 2 442 399 43
6481: 53 5 4 24 25
3364209: 175 356 9 6 9
1172109456: 35 7 8 6 4 850 7 6 3 56
1670627: 839 949 87 9 99 2
11356352700: 7 9 46 8 4 6 32 635 770
1620: 3 7 5 5 71 8 2 3 1 4 93 89
4027: 5 7 9 5 9 7 828 29 28 4 3
1670599: 2 51 93 2 2 44 2 882 5
12020061: 4 835 44 8 444 73 15 5
12869: 1 917 3 13 909
6240563: 93 57 1 2 8 6 98 7 700
361179: 99 4 5 40 819
599783: 6 5 854 677 680 635
128822080: 699 3 4 15 761 5 16
416625193: 5 65 3 8 9 8 85 81 4 71 2
33338: 1 97 340 1 9 8
331807: 63 8 1 25 7 980 40 1 5 2
212587980: 58 66 2 841 66
212337312: 3 69 907 228 836
589952: 58 8 286 419 4
6976116: 47 31 2 9 266
214: 4 86 1 67 56
1812: 1 7 7 305 5 3 1 3
2773560: 1 126 3 667 58 58 15 4
104520: 5 1 4 5 871
80634: 28 4 8 166 4 954
824555160: 95 843 13 22 6 6
5812: 1 45 9 1 940 9 5 5 772
1065466092: 7 573 716 371 96
45271: 88 473 315 51 595
127988: 30 560 660 824 7
70: 10 4 5
11977700: 70 241 1 710
9300: 8 4 1 1 71 1 5 1 34 3 9 9
9792171027: 831 6 918 9 6 708 7 3 6
3817752: 4 117 8 56 9 98 72 456
64749724: 997 902 8 9 556
144576: 3 35 150 6 9 8 9 82 3 7
281531220: 40 8 5 88 743 39 43 51
401: 4 13 10 96 3 32
15556114: 835 115 2 81 64
2387: 10 21 77
16567778880: 2 4 1 79 696 15 8 279
1571: 6 3 981 7 565
2505109320: 3 3 63 5 895 5 7 87 2 3 2
88843104: 7 2 955 8 1 3 20 4 4 2 48
39506253: 4 514 8 2 9 8 243 2 593
17499: 6 6 5 4 307 17 40
1127070459: 91 4 565 8 6 99 9 75 3 3
848250: 7 829 6 530 513 2 25 9
178105: 97 2 3 903 214
58080: 60 475 70 16 6
355445: 1 56 52 7 2 146 17 213
3789361: 6 52 2 63 3 3 4 831 1
2326433: 2 945 6 6 1 8 5 3 17 8 8 9
436611: 5 24 452 336 8 3
5180: 850 545 4 7 907 277 2
3560494: 5 91 3 69 3 48 88 35 7 2
249514304: 47 551 8 68 767
6555654: 4 724 10 189 47
8295338: 30 7 627 63 128
30308213418: 6 7 6 615 8 2 97 7 8 3 7 6
14524926: 53 6 23 8 7 2 5 49 8 31
16579224: 618 638 50 44 4 6
190398146: 45 6 6 1 81 44 9 2 852 2
125167488: 8 81 6 1 5 9 5 201 6 128
2400: 86 3 311 6
23128: 5 2 1 21 826 1
35340: 42 26 3 5 5 93
574017: 745 8 1 2 38 9 5 4 32 5
7801998: 500 16 70 54 1 4 78
135590336: 102 903 7 16 92
8689115: 9 29 55 45 611 600 95
17824: 91 8 5 1 9 9 3 141 46 3 9
14103914: 91 75 116 38 731
54922: 6 12 20 461 817 3 5 8 2
544204: 717 759 1
6493802: 855 7 376 6 307 973
386: 36 1 64 93 2
2632052: 6 2 8 9 159 28 500 2 50
9203: 7 4 824 68 71
20677761000: 2 351 269 10 1 50 219
85155840: 3 2 7 960 48 44
1239040: 8 871 72 88 2
1775554560: 4 1 684 8 6 169 8 2 5
56135877: 5 1 212 9 8 5 2 883 1 4 7
76945954: 54 727 98 3 6 5 9 9 5 4 2
19873: 879 69 1 92 19 94
7516692480: 128 66 83 8 2 670
45665857: 4 189 1 5 4 9 6 46 8 3 1
334377247: 4 29 332 436 10 6 7 85
520022: 821 633 21 89 2 217
45120753216: 4 2 281 6 6 6 44 3 919 6
3516: 28 209 64 285 6
159656700: 6 6 80 9 7 5 9 5 7 7 175 1
9116: 2 8 2 7 4 935 8 164 8 9 3
60062: 1 37 319 5 5 80 942
5083216: 1 9 622 3 24 2 8 2 68 80
17976758976: 9 6 4 12 6 738 8 466 9
1295500: 568 30 76 379 81
2392: 83 3 67 55 146 9 63 9 4
688744: 5 766 891 853 930
17820: 7 3 2 5 297
49762971: 1 4 9 3 9 2 8 198 88 2 7 3
2291535: 5 1 78 605 97 6 45
3226: 8 1 92 5 5 5 3 9 1 684
83406960: 260 76 67 7 9
23521: 655 7 203 437 9 2 85
3968: 600 847 536 1 2
6222091: 3 1 6 600 3 6 16 7 4 3 55
1360: 1 156 13 2 4
37811: 7 14 54 5 4 9 5 2 3 5 52 9
580330: 1 230 502 76 5 140
5671: 8 8 32 8 1 9 2 6 9 5 977
741: 7 2 6 60 597
6557760: 177 318 368 9 4
321354: 326 3 67 37 9 33
151468: 6 462 7 5 7 2 689 7 1 38
4832905: 6 6 38 2 171 505 6 11 5
687048: 68 728 863 1 99
14328: 1 9 190 9 8
1488: 88 584 300 439 77
1309434: 495 880 878 1 3
13410: 87 78 9 5 9
38622: 962 8 3 5 113 9 3 2
21085110: 6 468 72 8 9 39 5 162
14626832: 1 9 2 3 67 4 183 97 3 1 2
2852256: 895 59 9 9 50 6
30157132500: 220 285 583 33 25
44271360: 685 34 501 3 9 3 8 8 7
7892463: 5 695 41 142 75 813 1
2757678: 3 22 715 32 22 1 7
3897: 9 35 32 9 774
26338800: 94 8 3 467 25
58826: 633 97 5 80 26
5350: 5 7 1 14 7 6 4 7 6 305 5
256733063440: 6 4 1 73 994 898 394
145: 28 2 99 5 5 6
28833984: 9 1 8 1 686 79 98 28 32
11433798: 5 861 3 27 163
137088990: 923 9 5 7 60 55 2 379 9
3778: 6 629 2 2
25156615: 3 8 5 5 363 42 6 632 83
117360: 30 8 86 5 72
172730906: 6 51 7 7 128 2 5 9 18 8
5616952: 9 7 92 316 919 10 7 7
383943416264: 444 6 411 769 456 8
2799285: 3 1 4 9 37 16 9 2 9 21 2 4
73143515: 69 8 9 8 9 3 8 639 761 5
1190612: 901 11 31 6 36 854 34
7142256: 29 8 62 4 501 4 9
72600: 2 9 8 8 7 1 57 688 3 2 2 2
16836: 6 2 7 69 6 8 8 3 51 6
3508: 2 907 5 52 3 610
6938002: 96 146 99 5 82
5896806: 3 8 1 2 983 787 9 6 60 6
1300432: 6 677 8 34 7
80700: 87 3 8 6 50
2997: 3 29 245 9 9
305481940: 96 5 57 2 1 59 113 145
2353506: 14 90 41 23 7 556 77 1
49305: 7 870 9 4 8 481
1126: 5 539 2 31 7
1098607941: 2 6 3 7 3 5 21 4 751 3 9 9
176: 3 5 2 79 1 80
259364: 23 3 150 6 25 57 9 5
3814195207: 8 3 5 4 4 97 8 8 800 6 1 6
576796: 2 8 91 9 5 44
1073380: 4 2 5 9 63 2 154 82 1
300413382: 8 4 57 3 4 732 11 50 32
18363214506: 7 7 2 782 6 392 8 35 78
60842: 14 97 8 930 58
3149: 945 3 57 5 252
62153: 4 5 69 79 26 65 7 2 91
17866649: 84 4 395 514 9
889: 4 80 2 4 456 9 252
178252209: 3 1 138 46 5 9 1 3 4 52 5
2477: 1 6 5 8 9 5 4 2 4 529 8 28
19541537: 2 4 48 724 8 1 401 62 5
14518: 1 7 29 202 61
118125: 4 80 369 42 3
4746484351: 5 81 2 97 466 6 73 43
25263914420: 508 48 635 439 163
10917456: 27 8 71 3 55 59 4 8 62
2347950: 47 44 778 55 15
890: 122 42 5 1 55 7 8
1261462464: 1 63 95 5 6 974 2 1 9 2 6
1365: 21 3 618 686 37
2437790: 8 4 432 2 7 4 8 6 2 88 7 7
29538040: 216 1 1 2 332 5 41
4805541: 1 843 475 33 4 15 3
12420: 3 16 50 9 5 4
12673024: 1 728 68 4 8 8
21492: 7 6 722 5 20 7 27
46136: 98 50 867 2 4
2375827856: 9 9 5 875 431 7 837 8 8
37308: 8 7 361 98 8 439 7 6
7040: 746 938 64 4 48
430502730: 2 5 9 703 3 9 8 7 1 66 7 6
1019289600: 6 8 1 3 87 4 8 1 2 896 96
1017: 5 60 78 639
36722: 36 994 1 621 8 38 270
18246445: 56 61 126 8 7 67 5 31
820892: 8 2 1 1 7 9 4 2 800 8 9 20
1724800: 955 95 50 4 392
428953: 3 16 182 7 8 7 1 4 5 4 8 7
9507600: 43 927 550 45 139
1054: 19 55 9
82522653: 4 1 312 806 2 7 3 54 15
5166000: 7 116 5 240 7 5
2661552: 6 760 82 58 104 54
62154540: 35 761 8 6 441 174
530535: 12 1 570 50 77 5
66072: 71 5 377 89 917 7
89670243: 9 3 6 860 7 3 55 4 459 3
489: 8 14 307 51 1 18
192942: 99 1 4 1 486
69004260: 3 9 9 6 4 2 174 51 4 3 1 9
239616: 5 674 361 6 2 7 6 8 6 2 4
4241875: 4 601 4 44 33 56 8 47 5
749408256: 58 4 79 9 5 87 3 8 128
4005150060: 809 71 7 42 1 6 3 332 5
57580992: 5 3 138 9 2 7 302 5 8 8 9
3603: 8 99 75 2 2 72 8 3 1 79
71106222600: 630 269 1 7 740 9 3 3
14108160: 660 4 2 668 4
2753378: 439 10 22 7 9 64 10 98
253290: 3 466 90 5 6
1210255: 810 83 2 18 79
247767: 62 2 254 776 71 928
2344259: 7 2 26 92 70 69 30
81050765: 221 81 497 6 90 1 5
333018: 95 1 2 65 114 26 7 2 3 3
22373: 8 77 4 7 9 9 62 3 34 26
6407054: 82 4 7 4 8 4 347 9 9 2 2 6
1089588: 3 43 83 4 7 2 82 2 4 606
3160792: 3 9 321 12 952 67
698310: 4 6 5 7 702 3 7 8 5 54 6 9
58409: 96 76 8 1 40
4087664: 8 7 6 51 7 7 1 2 142 6 7 8
6795: 311 19 7 872 7
1188: 895 14 269 5 5
1116700: 10 21 318 772 859
196618130: 9 53 9 949 420 6 7 53 2
7642: 68 731 8 41 393 810 6
16160: 99 3 132 76 8 4
61582362: 8 3 9 4 6 5 2 37 6 58 69
500268: 29 49 352 76
2018297: 6 1 5 71 812 477
41584400: 13 202 5 65 4 727
539876: 3 45 4 4 971
356085: 422 5 7 1 58 5 8 3 84 3 6
174202438500: 409 594 4 3 155 2 771
315889075: 9 5 6 8 4 3 14 647 4 94 7
1344925707: 39 54 824 8 36 5 155 7
22602: 850 4 367 6 1
35498: 9 298 6 9 9 1 57 2 5 6 5 3
2685190: 30 55 376 7 3 73 64 4 2
6670093: 950 59 9 8 819 87 70
4058: 2 62 6 31 28
7846: 4 84 21 9 781
91505: 9 15 2 173 414 11
39331: 940 101 80 35 96
1851300: 65 1 55 34 15
123: 40 3 7 4 69
11872: 4 8 794 862 8 7
9491: 42 62 9 24 9 9 834 8
14116656: 5 25 394 537 62
10374: 206 104 79 1 9 1 26
2826835208: 7 1 6 4 9 75 4 7 779 7 1 1
2045480: 32 2 1 3 8 752 3 5 15 2 8
7237755: 5 88 8 5 5 2 4 60 7 5 4 45
81900: 4 13 25 63
1488180: 92 53 5 61 993 7
104601704: 7 42 73 416 9 8 1 229
16954859: 764 73 16 5 4 19
96698: 61 25 9 2 62 1 9 5 3 7 7
188059782: 430 90 676 8 597 6
40551: 6 4 37 2 3 2 2 7 527 2 7
55093: 909 548 32 37
2436676: 9 97 3 18 26 915 1 30
22167668600: 8 869 685 5 931
1114: 29 45 5 3 4
17243835: 4 9 275 84 33 4 399 5
76824: 8 97 1 99
1700707: 6 350 43 18 1 787
66872: 471 920 6 13 8
1487012: 29 9 6 5 2 2 9 5 7 8 5 89
191059425: 41 67 966 8 9 9
2554422: 50 5 32 39 102 7 78
688: 648 1 21 19
632016: 723 1 380 9 92 4 63
17262850: 896 9 33 578 880
187691197: 209 55 53 3 149 7 44 1
1048274530: 701 78 5 27 2 710
63149224: 5 9 750 56 369 4 6 6 28
4897083: 381 7 1 612 4 9 77 67 3
3478020: 713 116 58 44 7 6
216797: 598 55 83 4 1
785: 313 305 156 4 7
170162: 527 1 6 458 47 4 5 2 8 3
7650: 40 1 8 97 18
183173861: 6 5 5 944 63 4 7 2 7 3 1
1723: 8 25 7 41 991 11 469 4
67: 1 4 9 47 6 1
362376: 752 17 89 69 28
401524: 410 977 1 48 905
143323226904: 887 529 4 979 78
230771: 2 511 9 442 47
440408841: 1 9 668 4 57 866 289 7
120433: 2 678 759 12 83
126650: 4 74 2 5 85
373: 46 8 1 3 2
3316: 59 274 7 968 4 7 6
918126: 3 489 5 4 622 45 9
164: 4 4 2 145 3
141463: 1 2 6 46 1 6 8 2 21 1 6 1
7032: 5 9 2 70 6 390 1 2 792 4
13085344: 981 40 3 26 3 23 2 92
91254: 570 80 2 54 1
487: 81 5 82
30165392250: 9 3 589 2 5 4 7 6 7 5 645
46910122: 2 77 3 967 6 3 3 35 7 1
1466917: 4 159 76 96 8 93 529
454883302: 5 2 81 3 9 76 2 409 45 1
199692: 515 745 22 805 7 17
3993004: 42 27 27 859 9 936 7 4
9285066: 8 9 5 1 71 583 86 354
12780096: 2 84 37 4 514
625131648: 34 942 15 593 864 72
977319222: 13 47 338 5 517 473 2
135329: 371 91 28 4 173
352536: 3 8 7 461 7 16 5 296
7038900: 4 51 54 30 79
499804661: 1 923 9 89 30 3 2 338 5
124416: 2 175 8 80 9 7 2 2 349 9
846661: 70 7 1 7 5 768 2 325
8631: 6 188 337 2 426 9
2211: 43 1 23 9 2 99 917 9 2 5
338211: 2 72 587 4 99
15787: 537 28 424 1 326
284438: 80 8 5 2 44 9 99 2 1 5 83
2088583: 34 99 252 8 576 7
347603589: 14 14 812 4 927 9 93
3409653: 6 1 5 746 873 5 1 588
190049605020: 6 3 77 4 25 82 837 990
3465742: 81 4 8 70 878 979 82
4792: 80 6 192 6 1 6 718
1309342320: 5 9 3 2 9 1 1 9 585 9 628
7105: 1 14 7 8 20 6 6 7 7
1062409: 9 83 17 7 1 49 160 40 9
7066: 531 2 6 1 4 1 80 8 5 596
13276620: 106 574 3 26 51 4 7 2 9
280983: 1 16 7 5 8 2 3 7 66 67 20
6055: 1 7 8 9 7 70 3 93 1 359
1165: 523 6 5 2 63 34
40656: 26 37 33 56 79 42 60 33
20592: 46 62 81 97 72
39022201: 23 47 69 82 69 83 41
536008016: 73 91 24 78 75 93 11 36 42 86 25 24 66 26
81422384: 57 64 82 84 84 43 17 16
5575106866126011: 94 43 54 52 36 29 26 94 55 84 27 87 97
5172: 66 71 36 25 74 50 91
206506492: 21 31 19 67 87 16 86 69 38 12 13 10
1030269780930: 75 50 16 78 66 41 39 54 11 83 54 34 87
2731294098: 91 27 19 32 27 15 94 18